00000000000000000000000000000000000000000000000000
00011100011100000000000000000000000000000000000000
00000000000000000000000000000000000000000000000000
01000101010001000000000000000000000000000000000000
01000101010001000000000000000000000000000000000000
01000101010001000000000000000000000000000000000000
00011100011100000000000000000000000000000000000000
00000000000000000000000000000000000000000000000000
00011100011100000000000000000000000000000000000000
01000101010001000000000000000000000000000000000000
01000101010001000000000000000000000000000000000000
01000101010001000000000000000000000000000000000000
00000000000000000000000000000000000000000000000000
00011100011100000000000000000000000000000000000000
00000000000000000000000000000000000000000000000000
00000000000000000000000000000000000000000000000000
00000000000000000000000000000000000000000000000000
00000000000000000000000000000000000000000000000000
00000000000000000000000000000000000000000000000000
00000000000000000000000000000000000000000000000000