10110000000011010000111000000000000000011101100000
11000000000000100001100000100000101000000111100000
00000000000000110010011001111100000000001111000000
00000000000001000000000000111100000000100110000000
00000000000011011100000000110000011100110110000000
01111000000000000000000010000000010100110000001100
10011000000010100000000011001000000100010001001100
10001000000100010000000000010000000000110010000000
01010001100100001001100000111000000000000100000000
00100000111000010001100100110000001100110000100000
00001100010001100010101100000000011100000001010000
00001110000010000110000101101011011100000000001000
11100101001001111011001100000010000001000001000100
01000100100010000110000000000000100010111011011100
00101100000010011000000111111111000000000000000010
00101111100000000000000100001111000000011000000100
00001000000000000000000000000000100000000000000010
10010000000000000000000000000001010000100100000001
01001000000000000000000000000000000100101000000000
00000000000000101000100011000000000001111100000000
